0.000000 0.000000
0.005805 0.000000
0.011610 0.000000
0.017415 0.000000
0.023220 0.000000
0.029025 0.000000
0.034830 0.000000
0.040635 0.000000
0.046440 0.000000
0.052245 0.000000
0.058050 0.000000
0.063855 0.000000
0.069660 0.000000
0.075465 0.000000
0.081270 0.000000
0.087075 0.000000
0.092880 0.000000
0.098685 0.000000
0.104490 0.000000
0.110295 0.000000
0.116100 0.000000
0.121905 0.000000
0.127710 0.000000
0.133515 0.000000
0.139320 0.000000
0.145125 0.000000
0.150930 0.000000
0.156735 0.000000
0.162540 0.000000
0.168345 0.000000
0.174150 0.000000
0.179955 0.000000
0.185760 0.000000
0.191565 0.000000
0.197370 0.000000
0.203175 0.000000
0.208980 0.000000
0.214785 0.000000
0.220590 0.000000
0.226395 0.000000
0.232200 0.000000
0.238005 0.000000
0.243810 0.000000
0.249615 0.000000
0.255419 0.000000
0.261224 0.000000
0.267029 0.000000
0.272834 0.000000
0.278639 0.000000
0.284444 0.000000
0.290249 0.000000
0.296054 0.000000
0.301859 0.000000
0.307664 0.000000
0.313469 0.000000
0.319274 0.000000
0.325079 0.000000
0.330884 0.000000
0.336689 0.000000
0.342494 0.000000
0.348299 0.000000
0.354104 0.000000
0.359909 0.000000
0.365714 0.000000
0.371519 0.000000
0.377324 0.000000
0.383129 0.000000
0.388934 0.000000
0.394739 0.000000
0.400544 0.000000
0.406349 0.000000
0.412154 0.000000
0.417959 0.000000
0.423764 0.000000
0.429569 0.000000
0.435374 0.000000
0.441179 0.000000
0.446984 0.000000
0.452789 0.000000
0.458594 0.000000
0.464399 0.000000
0.470204 0.000000
0.476009 0.000000
0.481814 0.000000
0.487619 294.307465
0.493424 341.724762
0.499229 407.108398
0.505034 131.477386
0.510839 131.537842
0.516644 131.675278
0.522449 131.864761
0.528254 131.993103
0.534059 131.994400
0.539864 131.899643
0.545669 131.817520
0.551474 131.796051
0.557279 131.834061
0.563084 131.889832
0.568889 131.941010
0.574694 131.956100
0.580499 131.942322
0.586304 131.937546
0.592109 131.950226
0.597914 131.953156
0.603719 131.921265
0.609524 131.886322
0.615329 131.883499
0.621134 131.900879
0.626939 131.906647
0.632744 131.901077
0.638549 131.892166
0.644354 131.870819
0.650159 131.848480
0.655964 131.845154
0.661769 131.850449
0.667574 131.853958
0.673379 131.855759
0.679184 131.844635
0.684989 131.803421
0.690794 131.747879
0.696599 131.721893
0.702404 131.731705
0.708209 131.746399
0.714014 131.750092
0.719819 131.741211
0.725624 131.720993
0.731429 131.700500
0.737234 131.685715
0.743039 131.666946
0.748844 131.645813
0.754649 131.636017
0.760454 131.635742
0.766258 131.642975
0.772063 131.652313
0.777869 131.650986
0.783673 131.637650
0.789478 131.625778
0.795283 131.621582
0.801088 131.614197
0.806893 131.601776
0.812698 131.593170
0.818503 131.591858
0.824308 131.583298
0.830113 131.558426
0.835918 131.525864
0.841723 131.501389
0.847528 131.488876
0.853333 131.479340
0.859138 131.465378
0.864943 131.449600
0.870748 131.445908
0.876553 131.457230
0.882358 131.464371
0.888163 131.454498
0.893968 131.443359
0.899773 131.444031
0.905578 131.432693
0.911383 131.390442
0.917188 131.339325
0.922993 131.311111
0.928798 131.303818
0.934603 131.298950
0.940408 131.292786
0.946213 131.287231
0.952018 131.282928
0.957823 131.278839
0.963628 131.275879
0.969433 131.272339
0.975238 131.263443
0.981043 131.247452
0.986848 131.229492
0.992653 131.217178
0.998458 131.213806
1.004263 131.215225
1.010068 131.214539
1.015873 131.214859
1.021678 131.220245
1.027483 131.223358
1.033288 131.213974
1.039093 131.198669
1.044898 131.187668
1.050703 131.178711
1.056508 131.169128
1.062313 131.162750
1.068118 131.160080
1.073923 131.157730
1.079728 131.157852
1.085533 131.159698
1.091338 131.158661
1.097143 131.151398
1.102948 131.139404
1.108753 131.130524
1.114558 131.126648
1.120363 131.120361
1.126168 131.111450
1.131973 131.109741
1.137778 131.114914
1.143583 131.115341
1.149388 131.108170
1.155193 131.102615
1.160998 131.102188
1.166803 131.099762
1.172608 131.088547
1.178413 131.076630
1.184218 131.071915
1.190023 131.073868
1.195828 131.077332
1.201633 131.078842
1.207438 131.078583
1.213243 131.078674
1.219048 131.077652
1.224853 131.072815
1.230658 131.066650
1.236463 131.063705
1.242268 131.064285
1.248073 131.064117
1.253878 131.061401
1.259683 131.056137
1.265488 131.049744
1.271293 131.045441
1.277097 131.044907
1.282902 131.047394
1.288707 131.051163
1.294513 131.049942
1.300317 131.045517
1.306122 131.042801
1.311927 131.043579
1.317732 131.047043
1.323537 131.048447
1.329342 131.042175
1.335147 131.031372
1.340952 131.026535
1.346757 131.029816
1.352562 131.036804
1.358367 131.043640
1.364172 131.047256
1.369977 131.048615
1.375782 131.052872
1.381587 131.063248
1.387392 131.071777
1.393197 131.068771
1.399002 131.060455
1.404807 131.055115
1.410612 131.049576
1.416417 131.046814
1.422222 131.052887
1.428027 131.066025
1.433832 131.085938
1.439637 131.106598
1.445442 131.115387
1.451247 131.110718
1.457052 131.106812
1.462857 131.111588
1.468662 131.119400
1.474467 131.125824
1.480272 131.133316
1.486077 131.020630
1.491882 129.547897
1.497687 0.000000
1.503492 148.770126
1.509297 148.582153
1.515102 148.437302
1.520907 148.306122
1.526712 148.197266
1.532517 148.131668
1.538322 148.113312
1.544127 148.082184
1.549932 148.011612
1.555737 147.937241
1.561542 147.878693
1.567347 147.834457
1.573152 147.799759
1.578957 147.777344
1.584762 147.756760
1.590567 147.727112
1.596372 147.702988
1.602177 147.701355
1.607982 147.713333
1.613787 147.705566
1.619592 147.663849
1.625397 147.622589
1.631202 147.613800
1.637007 147.615601
1.642812 147.600311
1.648617 147.586136
1.654422 147.574127
1.660227 147.545074
1.666032 147.499802
1.671837 147.445557
1.677642 147.381729
1.683447 147.341553
1.689252 147.372604
1.695057 147.448334
1.700862 147.499023
1.706667 147.491409
1.712472 147.430466
1.718277 147.348022
1.724082 147.301132
1.729887 147.314835
1.735692 147.360168
1.741497 147.399307
1.747302 147.420853
1.753107 147.425552
1.758912 147.407349
1.764717 147.361053
1.770522 147.307144
1.776327 147.291885
1.782132 147.322098
1.787936 147.359924
1.793741 147.379944
1.799546 147.373535
1.805351 147.339096
1.811157 147.291092
1.816961 147.264465
1.822766 147.270981
1.828571 147.285706
1.834376 147.293533
1.840181 147.295822
1.845986 147.287170
1.851791 147.255966
1.857596 147.215225
1.863401 147.196884
1.869206 147.204956
1.875011 147.214127
1.880816 147.217758
1.886621 147.227737
1.892426 147.238022
1.898231 147.229706
1.904036 147.196533
1.909841 147.160843
1.915646 147.154404
1.921451 147.170761
1.927256 147.182358
1.933061 147.182343
1.938866 147.173904
1.944671 147.162552
1.950476 147.155045
1.956281 147.157272
1.962086 147.164688
1.967891 147.168259
1.973696 147.160324
1.979501 147.142883
1.985306 147.123871
1.991111 147.106216
1.996916 147.099319
2.002721 147.103439
2.008526 147.100204
2.014331 147.090164
2.020136 147.093155
2.025941 147.103470
2.031746 147.092987
2.037551 147.064835
2.043356 147.046860
2.049161 147.044739
2.054966 147.044876
2.060771 147.047150
2.066576 147.054321
2.072381 147.056168
2.078186 147.043625
2.083991 147.026871
2.089796 147.023102
2.095601 147.024155
2.101406 147.008682
2.107211 146.978699
2.113016 146.963898
2.118821 146.970200
2.124626 146.976654
2.130431 146.975540
2.136236 146.976456
2.142041 146.978775
2.147846 146.973633
2.153651 146.965851
2.159456 146.963669
2.165261 146.968170
2.171066 146.971268
2.176871 146.967834
2.182676 146.960464
2.188481 146.959686
2.194286 146.971970
2.200091 146.987671
2.205896 146.991135
2.211701 146.979401
2.217506 146.965668
2.223311 146.965363
2.229116 146.982895
2.234921 147.004272
2.240726 147.014038
2.246531 147.010559
2.252336 147.003632
2.258141 147.000015
2.263946 146.997894
2.269751 146.994095
2.275556 146.989929
2.281361 146.992569
2.287166 146.997635
2.292970 146.994247
2.298775 146.986496
2.304580 146.985947
2.310385 146.994080
2.316190 147.004669
2.321995 147.014389
2.327801 147.023239
2.333606 147.039169
2.339411 147.065369
2.345215 147.083847
2.351020 147.083359
2.356825 147.076538
2.362630 147.076431
2.368435 147.079590
2.374240 147.082993
2.380045 147.091629
2.385850 147.103668
2.391655 147.109985
2.397460 147.106995
2.403265 147.100586
2.409070 147.103668
2.414875 147.122238
2.420680 147.145462
2.426485 147.160690
2.432290 147.174561
2.438095 147.194260
2.443900 147.203918
2.449705 147.193405
2.455510 147.191010
2.461315 147.222061
2.467120 147.268753
2.472925 147.294693
2.478730 147.288498
2.484535 147.240570
2.490340 146.929123
2.496145 167.386261
2.501950 167.062531
2.507755 166.878265
2.513560 166.727921
2.519365 166.555786
2.525170 166.414886
2.530975 166.342163
2.536780 166.308990
2.542585 166.239777
2.548390 166.151825
2.554195 166.086349
2.560000 166.028412
2.565805 165.979843
2.571610 165.963867
2.577415 165.944412
2.583220 165.871429
2.589025 165.808914
2.594830 165.808121
2.600635 165.822845
2.606440 165.797180
2.612245 165.730759
2.618050 165.661926
2.623855 165.644379
2.629660 165.676834
2.635465 165.692917
2.641270 165.654541
2.647075 165.595261
2.652880 165.555435
2.658685 165.531555
2.664490 165.540771
2.670295 165.596909
2.676100 165.649582
2.681905 165.648163
2.687710 165.593475
2.693515 165.515366
2.699320 165.466934
2.705125 165.468094
2.710930 165.477066
2.716735 165.481766
2.722540 165.495087
2.728345 165.492233
2.734150 165.454422
2.739955 165.427963
2.745760 165.453339
2.751565 165.491806
2.757370 165.498993
2.763175 165.482681
2.768980 165.460617
2.774785 165.436417
2.780590 165.408585
2.786395 165.394821
2.792200 165.414139
2.798005 165.447784
2.803810 165.463531
2.809614 165.447037
2.815419 165.407715
2.821224 165.374573
2.827029 165.371094
2.832834 165.390152
2.838639 165.405762
2.844445 165.405457
2.850250 165.383148
2.856054 165.347687
2.861859 165.333496
2.867664 165.354279
2.873469 165.381439
2.879274 165.383072
2.885079 165.365524
2.890884 165.352768
2.896689 165.343521
2.902494 165.332489
2.908299 165.325150
2.914104 165.322952
2.919909 165.317978
2.925714 165.311478
2.931519 165.305939
2.937324 165.290100
2.943129 165.276108
2.948934 165.273209
2.954739 165.268372
2.960544 165.251190
2.966349 165.226761
2.972154 165.211670
2.977959 165.209457
2.983764 165.213989
2.989569 165.211090
2.995374 165.194763
3.001179 165.174347
3.006984 165.153320
3.012789 165.139282
3.018594 165.131454
3.024399 165.124222
3.030204 165.109268
3.036009 165.090942
3.041814 165.082764
3.047619 165.076218
3.053424 165.063309
3.059229 165.049515
3.065034 165.044296
3.070839 165.040283
3.076644 165.024139
3.082449 165.005142
3.088254 164.991333
3.094059 164.981903
3.099864 164.978226
3.105669 164.984375
3.111474 164.995789
3.117279 164.996399
3.123084 164.987793
3.128889 164.978226
3.134694 164.974243
3.140499 164.974899
3.146304 164.971237
3.152109 164.967453
3.157914 164.966110
3.163719 164.961304
3.169524 164.946701
3.175329 164.929428
3.181134 164.927414
3.186939 164.938004
3.192744 164.946625
3.198549 164.944153
3.204354 164.938110
3.210159 164.936096
3.215964 164.929764
3.221769 164.923096
3.227574 164.923508
3.233379 164.928360
3.239184 164.924957
3.244989 164.910400
3.250794 164.901367
3.256599 164.901108
3.262404 164.900223
3.268209 164.893631
3.274014 164.894989
3.279819 164.908966
3.285624 164.916855
3.291429 164.912292
3.297234 164.901291
3.303039 164.896698
3.308844 164.897858
3.314649 164.898621
3.320453 164.900299
3.326258 164.898987
3.332063 164.894836
3.337868 164.886932
3.343673 164.882767
3.349478 164.893692
3.355283 164.912994
3.361089 164.929138
3.366894 164.935715
3.372698 164.944580
3.378503 164.959259
3.384308 164.963074
3.390113 164.959213
3.395918 164.956406
3.401723 164.966125
3.407528 164.984009
3.413333 164.993347
3.419138 164.991013
3.424943 164.978897
3.430748 164.974380
3.436553 164.980820
3.442358 164.988510
3.448163 164.991135
3.453968 164.983459
3.459773 164.976898
3.465578 164.973663
3.471383 164.968475
3.477188 164.964645
3.482993 164.970993
3.488798 165.088303
3.494603 175.344131
3.500408 175.580261
3.506213 175.581940
3.512018 175.775635
3.517823 176.076385
3.523628 176.343994
3.529433 176.396866
3.535238 176.261444
3.541043 176.169754
3.546848 176.153915
3.552653 176.149734
3.558458 176.151108
3.564263 176.203033
3.570068 176.255753
3.575873 176.243317
3.581678 176.188583
3.587483 176.171982
3.593288 176.226501
3.599093 176.282959
3.604898 176.280258
3.610703 176.234299
3.616508 176.201523
3.622313 176.207901
3.628118 176.230087
3.633923 176.232605
3.639728 176.188293
3.645533 176.124481
3.651338 176.105331
3.657143 176.136520
3.662948 176.156982
3.668753 176.128311
3.674558 176.074768
3.680363 176.051697
3.686168 176.075165
3.691973 176.104065
3.697778 176.099182
3.703583 176.070648
3.709388 176.058945
3.715193 176.062805
3.720998 176.052109
3.726803 176.023697
3.732608 175.999283
3.738413 175.992813
3.744218 175.998428
3.750023 175.994690
3.755828 175.976059
3.761633 175.959091
3.767438 175.958191
3.773243 175.972229
3.779048 175.986328
3.784853 175.994293
3.790658 176.000946
3.796463 176.012726
3.802268 176.028992
3.808073 176.037369
3.813878 176.029541
3.819683 176.016357
3.825488 176.010422
3.831293 175.997147
3.837097 175.961212
3.842902 175.924866
3.848707 175.916107
3.854512 175.929291
3.860317 175.937943
3.866122 175.931931
3.871927 175.925400
3.877733 175.930634
3.883538 175.943192
3.889342 175.948090
3.895147 175.937469
3.900952 175.916046
3.906757 175.896118
3.912562 175.893982
3.918367 175.912338
3.924172 175.929504
3.929977 175.919754
3.935782 175.884567
3.941587 175.856247
3.947392 175.849030
3.953197 175.846817
3.959002 175.839462
3.964807 175.829941
3.970612 175.823944
3.976417 175.817215
3.982222 175.804703
3.988027 175.788589
3.993832 175.776764
3.999637 175.771500
4.005442 175.768234
4.011247 175.768005
4.017052 175.765961
4.022857 175.748337
4.028662 175.713882
4.034467 175.692902
4.040272 175.705261
4.046077 175.723938
4.051882 175.719818
4.057687 175.695526
4.063492 175.670288
4.069297 175.658173
4.075102 175.662003
4.080907 175.675751
4.086712 175.687805
4.092517 175.686447
4.098322 175.657257
4.104127 175.612259
4.109932 175.583969
4.115737 175.582932
4.121542 175.593536
4.127347 175.598419
4.133152 175.597107
4.138957 175.590897
4.144762 175.575684
4.150567 175.555084
4.156372 175.541168
4.162177 175.542313
4.167982 175.548325
4.173787 175.546753
4.179592 175.536316
4.185397 175.525299
4.191202 175.516403
4.197007 175.498901
4.202812 175.476120
4.208617 175.467468
4.214422 175.479599
4.220227 175.493881
4.226032 175.496948
4.231837 175.489609
4.237642 175.472305
4.243447 175.447372
4.249252 175.425949
4.255057 175.417801
4.260862 175.417648
4.266667 175.416092
4.272471 175.408371
4.278276 175.391708
4.284081 175.378998
4.289886 175.382980
4.295691 175.391312
4.301497 175.385101
4.307302 175.365112
4.313107 175.344589
4.318912 175.332764
4.324717 175.338409
4.330522 175.351227
4.336327 175.351685
4.342132 175.340576
4.347937 175.331329
4.353742 175.330109
4.359547 175.329254
4.365352 175.319626
4.371157 175.306351
4.376961 175.307190
4.382766 175.322662
4.388571 175.329117
4.394376 175.315994
4.400181 175.298843
4.405986 175.289490
4.411791 175.285980
4.417596 175.289627
4.423401 175.303192
4.429206 175.319229
4.435011 175.323410
4.440816 175.313797
4.446621 175.307999
4.452426 175.317383
4.458231 175.328156
4.464036 175.327789
4.469841 175.335342
4.475646 175.362686
4.481451 175.385193
4.487256 175.403442
4.493061 177.319717
4.498866 198.106186
4.504671 198.106781
4.510476 198.050095
4.516281 197.932327
4.522086 197.762100
4.527891 197.618439
4.533696 197.576584
4.539501 197.611267
4.545306 197.667068
4.551111 197.708679
4.556916 197.726639
4.562721 197.737778
4.568526 197.774811
4.574331 197.813385
4.580136 197.801666
4.585941 197.757370
4.591746 197.715607
4.597551 197.691147
4.603356 197.682236
4.609161 197.673935
4.614966 197.640579
4.620771 197.584747
4.626576 197.552490
4.632381 197.551773
4.638186 197.556152
4.643991 197.569107
4.649796 197.619415
4.655601 197.691391
4.661406 197.730133
4.667211 197.725098
4.673016 197.696289
4.678821 197.655014
4.684626 197.606812
4.690431 197.558044
4.696236 197.528732
4.702041 197.530548
4.707846 197.536880
4.713651 197.512985
4.719456 197.466309
4.725261 197.425995
4.731066 197.393448
4.736871 197.364349
4.742676 197.345703
4.748481 197.336014
4.754286 197.328491
4.760091 197.321198
4.765896 197.324631
4.771701 197.345993
4.777506 197.371338
4.783311 197.377167
4.789115 197.360046
4.794920 197.334610
4.800725 197.312881
4.806530 197.301178
4.812335 197.294281
4.818141 197.277985
4.823946 197.247665
4.829751 197.213120
4.835556 197.180038
4.841361 197.153061
4.847166 197.146530
4.852971 197.160965
4.858776 197.174500
4.864581 197.175766
4.870386 197.171631
4.876191 197.160751
4.881996 197.135727
4.887800 197.108780
4.893605 197.088318
4.899410 197.071411
4.905215 197.066925
4.911020 197.080963
4.916825 197.095703
4.922630 197.095047
4.928435 197.095718
4.934240 197.116211
4.940045 197.142532
4.945850 197.151230
4.951655 197.140259
4.957460 197.123260
4.963265 197.102142
4.969070 197.075928
4.974875 197.059235
4.980680 197.057755
4.986485 197.056396
4.992290 197.044418
4.998095 197.033478
5.003900 197.036163
5.009705 197.040634
5.015510 197.033859
5.021315 197.022018
5.027120 197.015656
5.032925 197.014664
5.038730 197.011322
5.044535 197.003204
5.050340 196.990829
5.056145 196.976669
5.061950 196.967941
5.067755 196.971619
5.073560 196.982895
5.079365 196.991928
5.085170 196.996811
5.090975 196.998459
5.096780 196.996231
5.102585 196.990845
5.108390 196.988235
5.114195 196.990692
5.120000 196.993286
5.125805 196.994781
5.131610 197.003326
5.137415 197.019943
5.143220 197.029404
5.149025 197.023560
5.154830 197.012604
5.160635 197.010590
5.166440 197.018234
5.172245 197.025223
5.178050 197.028000
5.183855 197.029007
5.189660 197.025848
5.195465 197.014786
5.201270 197.000336
5.207075 196.992996
5.212880 196.991913
5.218685 196.987854
5.224490 196.977051
5.230295 196.963287
5.236100 196.949478
5.241905 196.934784
5.247710 196.919998
5.253515 196.909882
5.259320 196.907761
5.265125 196.910355
5.270930 196.911896
5.276735 196.909790
5.282540 196.906021
5.288345 196.906113
5.294150 196.910950
5.299954 196.911575
5.305759 196.902679
5.311564 196.889572
5.317369 196.881638
5.323174 196.884827
5.328979 196.896149
5.334785 196.901794
5.340590 196.891815
5.346395 196.871841
5.352200 196.856613
5.358005 196.855164
5.363810 196.860077
5.369615 196.854065
5.375420 196.841568
5.381225 196.837357
5.387030 196.831802
5.392835 196.812210
5.398640 196.788391
5.404444 196.776352
5.410249 196.777756
5.416054 196.782532
5.421859 196.785126
5.427664 196.783188
5.433469 196.767395
5.439274 196.743561
5.445079 196.737854
5.450884 196.756180
5.456689 196.773209
5.462494 196.773727
5.468299 196.768005
5.474104 196.766464
5.479909 196.772095
5.485714 196.763504
5.491519 199.320099
5.497324 222.422348
5.503129 222.399612
5.508934 222.344681
5.514739 222.210281
5.520544 222.015503
5.526349 221.886124
5.532154 221.875046
5.537959 221.927841
5.543764 221.982468
5.549569 222.021469
5.555374 222.046112
5.561179 222.068436
5.566984 222.084412
5.572789 222.058212
5.578594 221.990540
5.584399 221.907349
5.590204 221.839996
5.596009 221.805344
5.601814 221.781021
5.607619 221.726334
5.613424 221.653961
5.619229 221.608994
5.625034 221.604172
5.630839 221.609818
5.636644 221.613876
5.642449 221.620285
5.648254 221.618073
5.654059 221.599518
5.659864 221.581909
5.665669 221.577179
5.671474 221.581345
5.677279 221.603775
5.683084 221.636032
5.688889 221.636322
5.694694 221.597275
5.700499 221.560608
5.706304 221.538483
5.712109 221.511002
5.717914 221.473328
5.723719 221.443466
5.729524 221.433197
5.735329 221.447800
5.741134 221.464844
5.746939 221.452530
5.752744 221.413834
5.758549 221.383438
5.764354 221.380661
5.770159 221.388275
5.775964 221.392471
5.781769 221.393204
5.787574 221.383453
5.793379 221.352585
5.799184 221.316498
5.804989 221.300201
5.810794 221.309097
5.816598 221.326309
5.822403 221.341049
5.828208 221.352936
5.834013 221.357849
5.839818 221.351486
5.845623 221.335205
5.851429 221.320053
5.857234 221.314026
5.863039 221.317368
5.868844 221.321701
5.874649 221.324753
5.880454 221.335754
5.886259 221.353958
5.892064 221.361588
5.897869 221.351791
5.903674 221.339218
5.909479 221.331940
5.915284 221.328476
5.921088 221.331055
5.926893 221.332901
5.932698 221.318314
5.938503 221.296021
5.944308 221.288727
5.950113 221.292801
5.955918 221.288986
5.961723 221.276535
5.967528 221.267059
5.973333 221.260529
5.979138 221.242844
5.984943 221.204391
5.990748 221.154449
5.996553 221.121140
6.002358 221.125198
6.008163 221.158020
6.013968 221.194443
6.019773 221.218750
6.025578 221.231644
6.031383 221.237946
6.037188 221.239487
6.042993 221.236282
6.048798 221.233124
6.054603 221.232330
6.060408 221.236496
6.066213 221.248322
6.072018 221.255768
6.077823 221.236832
6.083628 221.201721
6.089433 221.188080
6.095238 221.204529
6.101043 221.228806
6.106848 221.244598
6.112653 221.245911
6.118458 221.228394
6.124263 221.202148
6.130068 221.188904
6.135873 221.193604
6.141678 221.204422
6.147483 221.209152
6.153288 221.205154
6.159093 221.192368
6.164898 221.175095
6.170703 221.161133
6.176508 221.149994
6.182313 221.137268
6.188118 221.128143
6.193923 221.129517
6.199728 221.136917
6.205533 221.145370
6.211338 221.155762
6.217143 221.167892
6.222948 221.173248
6.228753 221.168869
6.234558 221.157928
6.240363 221.140564
6.246168 221.116638
6.251973 221.102051
6.257778 221.114761
6.263583 221.139465
6.269388 221.146927
6.275193 221.130295
6.280998 221.104660
6.286803 221.089783
6.292608 221.096222
6.298413 221.107956
6.304218 221.094803
6.310023 221.053970
6.315828 221.010376
6.321633 220.986053
6.327438 220.976730
6.333242 220.977066
6.339047 220.997589
6.344852 221.026093
6.350657 221.027481
6.356462 220.996704
6.362267 220.973434
6.368073 220.975235
6.373878 220.978638
6.379683 220.970703
6.385488 220.957718
6.391293 220.935669
6.397098 220.903000
6.402903 220.880173
6.408708 220.877869
6.414513 220.887283
6.420318 220.912033
6.426123 220.950119
6.431927 220.957855
6.437732 220.924072
6.443537 220.906006
6.449342 220.934784
6.455147 220.964981
6.460952 220.962921
6.466757 220.952927
6.472562 220.944855
6.478367 220.916122
6.484172 221.106430
6.489977 248.076141
6.495782 250.352982
6.501587 250.075089
6.507392 249.703796
6.513197 249.354782
6.519002 249.090363
6.524807 248.902115
6.530612 248.745667
6.536417 248.667740
6.542222 248.714844
6.548027 248.758469
6.553832 248.713211
6.559637 248.678436
6.565442 248.608215
6.571247 248.422073
6.577052 248.275604
6.582857 248.334167
6.588662 248.496872
6.594467 248.585052
6.600272 248.562561
6.606077 248.490173
6.611882 248.439285
6.617687 248.453293
6.623492 248.548859
6.629297 248.667343
6.635102 248.672592
6.640907 248.513229
6.646712 248.367538
6.652517 248.395355
6.658322 248.490738
6.664127 248.499588
6.669932 248.395203
6.675737 248.234879
6.681542 248.122040
6.687347 248.145020
6.693152 248.257477
6.698957 248.362808
6.704762 248.471146
6.710567 248.576187
6.716372 248.588501
6.722177 248.506226
6.727982 248.428864
6.733787 248.397263
6.739592 248.393433
6.745397 248.410049
6.751202 248.406921
6.757007 248.354889
6.762812 248.295273
6.768617 248.255981
6.774422 248.227798
6.780227 248.211731
6.786032 248.196487
6.791837 248.176712
6.797642 248.212784
6.803447 248.308502
6.809252 248.359451
6.815057 248.326904
6.820862 248.284988
6.826667 248.283356
6.832472 248.275330
6.838277 248.226837
6.844081 248.143845
6.849886 248.047241
6.855691 247.978821
6.861496 247.967346
6.867301 248.000946
6.873106 248.039673
6.878911 248.058319
6.884717 248.042770
6.890522 248.028412
6.896327 248.052948
6.902132 248.070969
6.907937 248.040939
6.913742 248.004272
6.919547 248.001572
6.925352 248.007248
6.931157 248.007355
6.936962 248.000702
6.942767 247.959167
6.948571 247.889694
6.954376 247.853577
6.960181 247.869202
6.965986 247.888748
6.971791 247.884552
6.977596 247.858276
6.983401 247.829559
6.989206 247.824219
6.995011 247.837189
7.000816 247.840317
7.006621 247.828308
7.012426 247.818665
7.018231 247.802734
7.024036 247.780441
7.029841 247.771454
7.035646 247.781342
7.041451 247.792557
7.047256 247.789703
7.053061 247.783356
7.058866 247.780289
7.064671 247.776276
7.070476 247.771606
7.076281 247.792206
7.082086 247.830856
7.087891 247.839157
7.093696 247.826828
7.099501 247.833435
7.105306 247.838028
7.111111 247.796463
7.116916 247.746796
7.122721 247.731293
7.128526 247.729645
7.134331 247.720261
7.140136 247.715179
7.145941 247.722931
7.151746 247.729767
7.157551 247.735229
7.163356 247.742416
7.169161 247.752411
7.174966 247.766678
7.180771 247.784210
7.186576 247.789307
7.192381 247.774048
7.198186 247.750046
7.203991 247.726624
7.209796 247.708832
7.215601 247.700348
7.221406 247.705139
7.227211 247.721298
7.233016 247.734009
7.238821 247.732758
7.244626 247.728073
7.250431 247.728806
7.256236 247.720581
7.262041 247.703506
7.267846 247.700150
7.273651 247.701889
7.279456 247.694687
7.285261 247.688156
7.291066 247.687683
7.296871 247.679565
7.302676 247.678543
7.308481 247.703659
7.314286 247.723801
7.320091 247.722824
7.325896 247.717941
7.331701 247.724182
7.337506 247.721970
7.343311 247.708389
7.349116 247.697861
7.354921 247.692810
7.360725 247.701767
7.366530 247.707748
7.372335 247.702362
7.378140 247.698288
7.383945 247.701813
7.389750 247.690094
7.395555 247.680328
7.401361 247.720718
7.407166 247.779556
7.412971 247.820282
7.418776 247.848679
7.424581 247.859528
7.430386 247.844101
7.436191 247.822601
7.441996 247.797104
7.447801 247.749939
7.453606 247.695663
7.459411 247.637222
7.465215 247.594131
7.471020 247.626404
7.476825 247.711227
7.482630 247.810638
7.488435 262.723145
7.494240 265.372345
7.500045 264.824402
7.505850 264.396973
7.511655 264.073029
7.517460 263.851288
7.523265 263.693726
7.529070 263.556213
7.534875 263.497162
7.540680 263.555817
7.546485 263.604919
7.552290 263.575989
7.558095 263.580994
7.563900 263.574677
7.569705 263.443787
7.575510 263.291046
7.581315 263.234131
7.587120 263.221680
7.592925 263.182251
7.598730 263.186829
7.604535 263.273834
7.610340 263.371521
7.616145 263.438599
7.621950 263.484619
7.627755 263.491516
7.633560 263.396149
7.639365 263.217377
7.645170 263.069672
7.650975 263.037628
7.656780 263.123077
7.662585 263.264679
7.668390 263.372345
7.674195 263.430176
7.680000 263.469940
7.685805 263.459564
7.691610 263.358826
7.697415 263.254578
7.703220 263.251099
7.709025 263.302399
7.714830 263.297119
7.720635 263.229004
7.726440 263.169006
7.732245 263.141235
7.738050 263.118774
7.743855 263.104340
7.749660 263.114349
7.755465 263.132812
7.761270 263.132751
7.767075 263.104462
7.772880 263.067383
7.778685 263.054840
7.784490 263.082062
7.790295 263.106476
7.796100 263.083374
7.801905 263.027283
7.807710 262.969086
7.813515 262.907471
7.819320 262.831787
7.825125 262.753632
7.830930 262.708435
7.836735 262.711243
7.842540 262.723816
7.848345 262.709747
7.854150 262.691132
7.859955 262.687500
7.865760 262.687927
7.871564 262.681183
7.877369 262.669586
7.883174 262.669434
7.888979 262.690338
7.894784 262.714874
7.900589 262.716461
7.906394 262.682007
7.912199 262.620789
7.918005 262.568298
7.923810 262.555145
7.929615 262.574829
7.935420 262.597748
7.941225 262.609436
7.947030 262.610413
7.952835 262.595367
7.958640 262.563965
7.964445 262.539307
7.970250 262.539642
7.976054 262.550140
7.981859 262.549896
7.987664 262.540833
7.993469 262.519897
7.999274 262.482483
8.005079 262.447021
8.010884 262.447998
8.016689 262.473572
8.022494 262.472717
8.028299 262.438446
8.034104 262.412628
8.039909 262.412048
8.045714 262.410980
8.051519 262.402863
8.057324 262.403107
8.063129 262.417999
8.068934 262.434296
8.074739 262.434082
8.080544 262.416809
8.086349 262.408875
8.092155 262.410339
8.097960 262.398102
8.103765 262.391541
8.109570 262.405579
8.115375 262.401794
8.121180 262.374695
8.126985 262.369934
8.132789 262.393372
8.138594 262.416565
8.144399 262.432007
8.150204 262.436249
8.156009 262.437683
8.161814 262.437134
8.167619 262.421814
8.173424 262.399597
8.179229 262.386810
8.185034 262.385315
8.190839 262.387207
8.196644 262.384155
8.202449 262.371185
8.208254 262.357056
8.214059 262.345825
8.219864 262.342224
8.225669 262.356171
8.231474 262.371460
8.237279 262.360992
8.243084 262.332489
8.248889 262.315125
8.254694 262.318207
8.260499 262.330048
8.266304 262.331604
8.272109 262.317413
8.277914 262.307343
8.283719 262.320465
8.289524 262.348999
8.295329 262.370819
8.301134 262.372711
8.306939 262.353851
8.312744 262.327393
8.318549 262.307770
8.324354 262.304596
8.330159 262.314087
8.335963 262.313599
8.341768 262.290466
8.347573 262.272614
8.353378 262.273041
8.359183 262.269043
8.364988 262.256653
8.370793 262.257446
8.376598 262.261169
8.382403 262.232635
8.388208 262.193420
8.394013 262.197876
8.399818 262.229095
8.405623 262.236206
8.411428 262.225281
8.417233 262.226532
8.423038 262.232208
8.428843 262.236023
8.434649 262.247803
8.440454 262.231873
8.446259 262.163483
8.452064 262.084534
8.457869 262.058441
8.463674 262.081848
8.469479 262.090881
8.475284 262.063904
8.481089 262.069824
8.486894 262.149750
8.492699 262.234894
8.498504 262.270630
8.504309 262.298645
8.510114 262.346252
8.515919 262.372345
8.521724 262.346771
8.527529 262.296082
8.533334 262.259125
8.539139 262.244415
8.544943 262.233490
8.550748 262.219360
8.556553 262.239685
8.562358 262.310394
8.568163 262.368469
8.573968 262.345795
8.579773 262.269714
8.585578 262.226471
8.591383 262.232910
8.597188 262.232391
8.602993 262.204193
8.608798 262.191620
8.614603 262.226105
8.620408 0.000000
8.626213 262.287109
8.632018 0.000000
8.637823 262.314484
8.643628 0.000000
8.649433 0.000000
8.655238 0.000000
8.661043 0.000000
8.666848 0.000000
8.672653 0.000000
8.678458 0.000000
8.684263 0.000000
8.690068 0.000000
8.695873 0.000000
8.701678 0.000000
8.707483 0.000000
8.713288 0.000000
8.719093 0.000000
8.724898 0.000000
8.730703 0.000000
8.736508 0.000000
8.742313 0.000000
8.748117 0.000000
8.753922 0.000000
8.759727 0.000000
8.765532 0.000000
8.771338 0.000000
8.777143 0.000000
8.782948 0.000000
8.788753 0.000000
8.794558 0.000000
8.800363 0.000000
8.806168 0.000000
8.811973 0.000000
8.817778 0.000000
8.823583 0.000000
8.829388 0.000000
8.835193 0.000000
8.840998 0.000000
8.846803 0.000000
8.852608 0.000000
8.858413 0.000000
8.864218 0.000000
8.870023 0.000000
8.875828 0.000000
8.881633 0.000000
8.887438 0.000000
8.893243 0.000000
8.899048 0.000000
8.904853 0.000000
8.910658 0.000000
8.916463 0.000000
8.922268 0.000000
8.928073 0.000000
8.933878 0.000000
8.939683 0.000000
8.945488 0.000000
8.951293 0.000000
8.957097 0.000000
8.962902 0.000000
8.968707 0.000000
8.974512 0.000000
8.980317 0.000000
8.986122 0.000000
8.991927 0.000000
8.997732 0.000000
9.003537 0.000000
9.009342 0.000000
9.015147 0.000000
9.020952 0.000000
9.026757 0.000000
9.032562 0.000000
9.038367 0.000000
9.044172 0.000000
9.049977 0.000000
9.055782 0.000000
9.061587 0.000000
9.067392 0.000000
9.073197 0.000000
9.079002 0.000000
9.084807 0.000000
9.090612 0.000000
9.096417 0.000000
9.102222 0.000000
9.108027 0.000000
9.113832 0.000000
9.119637 0.000000
9.125443 0.000000
9.131248 0.000000
9.137053 0.000000
9.142858 0.000000
9.148663 0.000000
9.154468 0.000000
9.160272 0.000000
9.166077 0.000000
9.171882 0.000000
9.177687 0.000000
9.183492 0.000000
9.189297 0.000000
9.195102 0.000000
9.200907 0.000000
9.206712 0.000000
9.212517 0.000000
9.218322 0.000000
9.224127 0.000000
9.229932 0.000000
9.235737 0.000000
9.241542 0.000000
9.247347 0.000000
9.253152 0.000000
9.258957 0.000000
9.264762 0.000000
9.270567 0.000000
9.276372 0.000000
9.282177 0.000000
9.287982 0.000000
9.293787 0.000000
9.299592 0.000000
9.305397 0.000000
9.311202 0.000000
9.317007 0.000000
9.322812 0.000000
9.328617 0.000000
9.334422 0.000000
9.340227 0.000000
9.346032 0.000000
9.351837 0.000000
9.357642 0.000000
9.363446 0.000000
9.369251 0.000000
9.375056 0.000000
9.380861 0.000000
9.386666 0.000000
9.392471 0.000000
9.398276 0.000000
9.404081 0.000000
9.409886 0.000000
9.415691 0.000000
9.421496 0.000000
9.427301 0.000000
9.433106 0.000000
9.438911 0.000000
9.444716 0.000000
9.450521 0.000000
9.456326 0.000000
9.462132 0.000000
9.467937 0.000000
9.473742 0.000000
9.479547 0.000000
9.485352 0.000000
9.491157 0.000000
9.496962 0.000000
9.502767 0.000000
9.508572 0.000000
9.514377 0.000000
9.520182 0.000000
9.525987 0.000000
9.531792 0.000000
9.537597 0.000000
9.543402 0.000000
9.549207 0.000000
9.555012 0.000000
9.560817 0.000000
9.566622 0.000000
9.572426 0.000000
9.578231 0.000000
9.584036 0.000000
9.589841 0.000000
9.595646 0.000000
9.601451 0.000000
9.607256 0.000000
9.613061 0.000000
9.618866 0.000000
9.624671 0.000000
9.630476 0.000000
9.636281 0.000000
9.642086 0.000000
9.647891 0.000000
9.653696 0.000000
9.659501 0.000000
9.665306 0.000000
9.671111 0.000000
9.676916 0.000000
9.682721 0.000000
9.688526 0.000000
9.694331 0.000000
9.700136 0.000000
9.705941 0.000000
9.711746 0.000000
9.717551 0.000000
9.723356 0.000000
9.729161 0.000000
9.734966 0.000000
9.740771 0.000000
9.746576 0.000000
9.752381 0.000000
9.758186 0.000000
9.763991 0.000000
9.769796 0.000000
9.775600 0.000000
9.781405 0.000000
9.787210 0.000000
9.793015 0.000000
9.798820 0.000000
9.804626 0.000000
9.810431 0.000000
9.816236 0.000000
9.822041 0.000000
9.827846 0.000000
9.833651 0.000000
9.839456 0.000000
9.845261 0.000000
9.851066 0.000000
9.856871 0.000000
9.862676 0.000000
9.868481 0.000000
9.874286 0.000000
9.880091 0.000000
9.885896 0.000000
9.891701 0.000000
9.897506 0.000000
9.903311 0.000000
9.909116 0.000000
9.914921 0.000000
9.920726 0.000000
9.926531 0.000000
9.932336 0.000000
9.938141 0.000000
9.943946 0.000000
9.949751 0.000000
